surgical mortality,risk oc tubal ligation,risk ac death oc surg,sens endo surv,spec endo surv,sens oc surv,spec oc surv,local oc surv,regional oc surv,distant oc surv,local ec surv,regional ec surv,distant ec surv,oc lifetime risk,ec lifetime risk,oc stage dist nat hist,ec stage dist nat hist,oc stage dist intervention,ec stage dist intervention,surgical complications
0.0016702795860953162,0.8765039123773382,1.0,0.8736838279250635,0.9542468667246041,0.5664354844912897,0.9542468667246041,0.9517033884781352,0.8049645098379822,0.30397659670380645,0.9517853660178835,0.6834284884192375,0.1713299644521305,5,2,[0.18489825 0.24453053 0.57057123],[0.70354701 0.26087863 0.03557436],[0.75852754 0.12073623 0.12073623],[0.8179285  0.17296793 0.00910358],0.029276165803396707
0.0016828431500973044,0.9772109685335082,1.0,0.9170226681554089,0.9514393756881069,0.5784371077429897,0.9514393756881069,0.9394136991539043,0.8140364334425978,0.2813766834926986,0.9383364304637201,0.6659784305372974,0.18941257029673272,-2,0,[0.1932509  0.28236218 0.52438691],[0.67415694 0.2867419  0.03910117],[0.84714862 0.0993534  0.05349798],[0.82662323 0.16990923 0.00346754],0.0295138926447179
0.0016370152434377907,0.9856111262908451,1.0,0.919241391881439,0.9598698678038745,0.6234698493203804,0.9598698678038745,0.967189358193855,0.7320550696396624,0.30915757180977227,0.959859528943649,0.6946280161109831,0.18745227901802794,0,0,[0.11113509 0.39998921 0.4888757 ],[0.70018257 0.23985394 0.05996349],[0.8359666  0.09021837 0.07381503],[0.8119797  0.17861929 0.00940102],0.028619984776319253
0.0016820961561202661,0.8189030693236732,1.0,0.9488943623608128,0.959975737049744,0.5944447674170988,0.959975737049744,0.9622988752487549,0.7839527847461746,0.2757158189515295,0.9693894519482543,0.6731722827722044,0.16349587866501308,-1,4,[0.11944705 0.30819353 0.57235942],[0.67809722 0.24142708 0.08047569],[0.76430675 0.14141595 0.0942773 ],[0.87609885 0.11151104 0.01239012],0.029638761252324078
0.0016886330585653704,0.9859017547305534,1.0,0.8627406262138804,0.9617544505605704,0.5959083382385325,0.9617544505605704,0.9763658882699836,0.8000043735295989,0.26270544192384415,0.9580088071842505,0.7060105784495067,0.15036144820619082,0,0,[0.18551841 0.36651672 0.44796488],[0.67145894 0.2792599  0.04928116],[0.78914038 0.11597279 0.09488683],[0.92856063 0.06429543 0.00714394],0.029818602846328812
0.0017260942894895548,0.9224892018375015,1.0,0.8963312205507729,0.9593400982215856,0.5925716648415127,0.9593400982215856,0.9644144311173252,0.8778686193094395,0.2737699551330265,0.9347263548107195,0.7183834479002392,0.16520340166109534,0,2,[0.16171521 0.29339968 0.54488512],[0.72166788 0.20874909 0.06958303],[0.77783068 0.12219313 0.09997619],[0.87563881 0.12187397 0.00248722],0.03062255592768361
0.00167400105404251,0.8567675565392135,1.0,0.8792123237608669,0.95350100877668,0.5975860024662312,0.95350100877668,0.9706810060182637,0.7208526557014686,0.28622710996538375,0.9437037553916434,0.5800375155675643,0.18736738729328892,0,2,[0.15899094 0.33640362 0.50460544],[0.79537157 0.15347132 0.05115711],[0.76174029 0.14295583 0.09530388],[0.9082127  0.08260857 0.00917873],0.029347872707597315
0.0017255157974044762,0.9608058082441058,1.0,0.8727386814519072,0.9671637224407026,0.5603852277009845,0.9671637224407026,0.9640507774173249,0.7940872130575236,0.3039749379282601,0.9483814286856169,0.7164845343716024,0.15715099603201144,2,5,[0.15401047 0.29609633 0.54989319],[0.71912029 0.22470377 0.05617594],[0.79691522 0.11169663 0.09138815],[0.8757094  0.11807607 0.00621453],0.030762670942712508
0.001696162100178655,0.936488871659116,1.0,0.936186475369596,0.9716772227896294,0.5825916695118556,0.9716772227896294,0.9606004783248787,0.7282216689389172,0.2891126577195799,0.9429053944772714,0.714271856145617,0.18036055828273964,-1,-2,[0.14792164 0.34083135 0.51124702],[0.70015721 0.26386166 0.03598113],[0.80814895 0.09592553 0.09592553],[0.83845153 0.15347104 0.00807742],0.030190414998966263
0.0017246704473381337,0.9014423946793658,1.0,0.9035742571871671,0.9618201703831736,0.5638324808032888,0.9618201703831736,0.8770128167315706,0.7992794137916575,0.30305376735710116,0.9716383570492548,0.673916728480112,0.1576882673231569,1,2,[0.16287577 0.25113727 0.58598696],[0.72787941 0.23946612 0.03265447],[0.70852547 0.18945844 0.10201608],[0.90185044 0.09618656 0.00196299],0.030636606736555598
0.0016764317239076764,0.9404307742895991,1.0,0.8988635025739558,0.9579883510289025,0.6096844265741875,0.9579883510289025,0.9631580702792003,0.7773414912169576,0.2936558582291737,0.9541592448325467,0.6899558879403972,0.16993332197145358,4,-2,[0.15973368 0.37811984 0.46214648],[0.69112402 0.23165699 0.077219  ],[0.83027782 0.11031941 0.05940276],[0.82520497 0.17129913 0.0034959 ],0.029476436006455713
0.0016889373841786528,0.8621605473745052,1.0,0.9024526397853075,0.9570779184081359,0.6068904360752643,0.9570779184081359,0.9053325024326182,0.8212156051966709,0.29868879365206097,0.9676680574531024,0.6533038062430105,0.18010998425811037,1,2,[0.18704438 0.24388669 0.56906894],[0.71202867 0.2159785  0.07199283],[0.78033697 0.14278097 0.07688206],[0.89749084 0.09225824 0.01025092],0.029742932729891956
0.0017633712299296744,0.9555095809610208,1.0,0.9364741388577942,0.9605143510718608,0.6435872784302495,0.9605143510718608,0.8901980475378908,0.7238978849000484,0.3167093961223781,0.9736486264016573,0.6914966264098181,0.18287088042156693,3,3,[0.17897753 0.28735786 0.5336646 ],[0.72181887 0.2225449  0.05563623],[0.75484749 0.13483388 0.11031863],[0.908518  0.0823338 0.0091482],0.031490198479457686
0.001723371805545964,0.9627522811468461,1.0,0.9531473599337279,0.950153110990819,0.5874386256722847,0.950153110990819,0.8995266955963731,0.708825130748259,0.33330149340142745,0.9498390160819661,0.6768378584460673,0.17004326785580237,0,-1,[0.16176549 0.25147035 0.58676416],[0.68199281 0.23850539 0.0795018 ],[0.78626262 0.1389293  0.07480808],[0.81012904 0.17088386 0.0189871 ],0.03040385337013348
0.001747230896185517,0.9811800202525766,1.0,0.8894658234154352,0.9652226056991401,0.6599999999999999,0.9652226056991401,0.906623862035872,0.780058405398477,0.2524488277470069,0.9200321151544513,0.6613780363580664,0.18701985067524174,1,1,[0.1271184  0.26186448 0.61101712],[0.7130481  0.25251767 0.03443423],[0.76696134 0.13982319 0.09321546],[0.92358521 0.06877331 0.00764148],0.031217225777771532
0.0017215606075817245,0.9181958761625356,1.0,0.9302791012987649,0.9525554232430578,0.6314833978667443,0.9525554232430578,0.9256481291884727,0.8299871449600165,0.25966253518625115,0.9529917180033045,0.5878639414918436,0.16056276208451076,-1,1,[0.1642132  0.29252538 0.54326142],[0.68045657 0.27161191 0.04793151],[0.76520278 0.14087833 0.09391889],[0.86819009 0.11862892 0.01318099],0.030402228822720798
0.0016786786066025627,0.9179107919488917,1.0,0.9344811228247946,0.9555978278977854,0.5998161838497096,0.9555978278977854,0.9254420724181089,0.8463766010122721,0.32818852583029545,0.98,0.7508793593977605,0.16523888315343696,2,0,[0.13635436 0.30227597 0.56136966],[0.7057862  0.23537104 0.05884276],[0.79762093 0.11130849 0.09107058],[0.91134798 0.08687898 0.00177304],0.029487017923308937
0.0017366749275293475,0.9559569578560656,1.0,0.9408363058985227,0.9577657726110539,0.596431555551466,0.9577657726110539,0.9298341742552848,0.7248791401230379,0.32250600588162015,0.9680906779378117,0.6659437313109376,0.16845929035535584,0,4,[0.1187778  0.30842777 0.57279443],[0.74058437 0.19456172 0.06485391],[0.8477021  0.07614895 0.07614895],[0.83009129 0.16651054 0.00339817],0.030833426114749322
0.00166819347817371,0.894329351053839,1.0,0.9224309975607101,0.958074953327049,0.6035110666039993,0.958074953327049,0.9060601717565808,0.7316652616643603,0.2581712612058617,0.9492427399128008,0.7075585746098799,0.1694422567111971,1,1,[0.17565846 0.32973662 0.49460492],[0.72827392 0.23096717 0.04075891],[0.79442756 0.11306484 0.0925076 ],[0.80003604 0.17996757 0.0199964 ],0.029292189179109862
0.0017319640733766777,0.9535525554418104,1.0,0.9435932942977467,0.9660012569621843,0.6408375071682774,0.9660012569621843,0.9317978804787117,0.8645691413973783,0.2889786203340703,0.98,0.6941496284295132,0.18842221016998634,1,1,[0.17609332 0.32956267 0.49434401],[0.70784049 0.2337276  0.0584319 ],[0.74425577 0.12787211 0.12787211],[0.85315538 0.13216015 0.01468446],0.030885418734964788
0.0016893674510675548,0.7543024567206082,1.0,0.9059436521687793,0.9603816439270503,0.6395125894590584,0.9603816439270503,0.8712744420738974,0.7744548102981166,0.29042054165219994,0.9538899487796758,0.7816946715182689,0.14013210191977069,2,-1,[0.16471681 0.33411328 0.50116992],[0.73343082 0.19992689 0.0666423 ],[0.79571195 0.12257283 0.08171522],[0.81896663 0.17198171 0.00905167],0.02981033989270293
0.0017339998092110588,0.934162160821108,1.0,0.9482382508162925,0.9643568598543962,0.5838629315767717,0.9643568598543962,0.9391217453687382,0.6901539431873348,0.29704319434635745,0.9414352562996188,0.761665724608302,0.16531284990364106,4,2,[0.1908958  0.32364168 0.48546252],[0.73296435 0.20027673 0.06675891],[0.83470536 0.09917678 0.06611786],[0.86382578 0.13345073 0.00272348],0.030898238674163466
0.0016927410938975872,0.9759783688496063,1.0,0.8933100103263046,0.9647423502397955,0.6330498309381841,0.9647423502397955,0.9430868022556009,0.772388608002176,0.3012090186477726,0.9182901700152416,0.6019350142412759,0.17307747532036363,1,1,[0.16983113 0.2905591  0.53960976],[0.65615721 0.30258166 0.04126113],[0.84189391 0.10276896 0.05533713],[0.89134662 0.10648031 0.00217307],0.029968045616485108
0.001755402674974288,0.9523671873399748,1.0,0.9462953522237815,0.9613519234395715,0.6210501315249828,0.9613519234395715,0.91500790579753,0.6248407174112399,0.29672079447103067,0.8950712175493758,0.7007757980896029,0.17562320658198843,1,1,[0.1597022  0.25208934 0.58820846],[0.71922145 0.21058392 0.07019464],[0.81452762 0.11128343 0.07418895],[0.9110149  0.08008659 0.00889851],0.03132543678118245
0.0017318321014282627,0.9257390409451173,1.0,0.907890546298246,0.9666940555760494,0.5905137938728894,0.9666940555760494,0.9477235904222535,0.785545962607031,0.3035138206844861,0.9604275433993323,0.7205113895425429,0.1670447542828418,2,1,[0.18703779 0.36583299 0.44712921],[0.76995956 0.17253033 0.05751011],[0.8207   0.116545 0.062755],[0.84689485 0.15004305 0.0030621 ],0.030896838650012526
0.0016899120397678626,0.9201771314092627,1.0,0.9492120146944915,0.9548828986518552,0.6092078536872766,0.9548828986518552,0.9357151944776761,0.7162616349867645,0.30066616964890314,0.9622444284777907,0.6971072815882786,0.16291763793034147,3,0,[0.14039756 0.34384097 0.51576146],[0.69620568 0.267339   0.03645532],[0.83225847 0.09225784 0.07548369],[0.84338292 0.14095537 0.01566171],0.029728102629973396
0.001710320019093735,0.9849335750309667,1.0,0.9292821013166606,0.9622477351391933,0.5561154898474682,0.9622477351391933,0.9238737602498586,0.8047863266820363,0.32490960051560164,0.949853783021134,0.6815065660134679,0.16836024286078935,3,3,[0.1263658  0.39313539 0.48049881],[0.82331677 0.13251242 0.04417081],[0.82717648 0.09505294 0.07777059],[0.87356184 0.12011625 0.00632191],0.030319178614755925
0.0017158857889281415,0.8185540424813753,1.0,0.9321721579490287,0.9479195440817719,0.5649420552908043,0.9479195440817719,0.92056723245174,0.7471966097241401,0.2723697168552609,0.9493637681997381,0.6613704804686991,0.1674384132015863,1,3,[0.19017831 0.28343759 0.5263841 ],[0.69812675 0.25659226 0.04528099],[0.7874868  0.11688226 0.09563094],[0.85402733 0.13867404 0.00729863],0.03020053261992477
0.0016991756068523544,0.967303162883376,1.0,0.9091388212614324,0.9599971753277966,0.5870169847853217,0.9599971753277966,0.9021950090420535,0.7452205306825681,0.319071024614376,0.9595421301495661,0.6975342904927591,0.16104688993743776,2,2,[0.13245001 0.3036425  0.56390749],[0.77555675 0.16833244 0.05611081],[0.83624848 0.09006334 0.07368818],[0.87467598 0.12281754 0.00250648],0.030025254038891436
0.001712906728633284,0.9104261781078954,1.0,0.912838191977839,0.9675106094657145,0.6374571905913913,0.9675106094657145,0.9584090179659386,0.6327462129130379,0.29034577663486966,0.8996507428362858,0.738305668252392,0.17245150397851094,4,-1,[0.12083615 0.35166554 0.52749831],[0.73372554 0.22633329 0.03994117],[0.82202529 0.09788609 0.08008862],[0.92762168 0.07093075 0.00144757],0.030482482584289698
0.0016799769255509572,0.778317653086983,1.0,0.8879985198934295,0.9570807646841799,0.6049819457770178,0.9570807646841799,0.9366517824152545,0.7354911003776262,0.2840294599716806,0.9262763598355002,0.7934579579423583,0.1661044259271057,2,-1,[0.15858722 0.25242383 0.58898894],[0.73837085 0.22238477 0.03924437],[0.7390502  0.15656988 0.10437992],[0.93004913 0.06855185 0.00139902],0.029540976927676113
0.0016642617081615327,0.9483518007695174,1.0,0.930051070331236,0.9604270530594236,0.5505434004162274,0.9604270530594236,0.8816825210942238,0.7764413817487928,0.27755813199492013,0.9567465400708388,0.6050897054530894,0.17789654146156478,-3,2,[0.18884642 0.28390375 0.52724983],[0.73364796 0.22639923 0.03995281],[0.73777991 0.14422105 0.11799904],[0.92137927 0.07468969 0.00393104],0.02924390437516958
0.0016931883436424023,0.8867921387507006,1.0,0.8920127746754442,0.9624355291661977,0.5801375461555442,0.9624355291661977,0.8713279934968275,0.7864273221420243,0.28509220019392534,0.9575336193230449,0.7346753374294145,0.16086819291792612,0,1,[0.11420717 0.26573785 0.62005498],[0.7392268  0.22948042 0.03129278],[0.78508416 0.10745792 0.10745792],[0.85827486 0.13463888 0.00708626],0.02993435194008974
0.001743010588324507,0.7760872384667331,1.0,0.9025675420069177,0.9628487961515416,0.6031035035372518,0.9628487961515416,0.8894209591413523,0.7075076682133425,0.28105681612897127,0.9541724244281926,0.7396942498989528,0.16226687065257397,2,0,[0.12070451 0.35171819 0.52757729],[0.76049129 0.19160696 0.04790174],[0.80392534 0.12744853 0.06862613],[0.84757479 0.14480395 0.00762126],0.031073143364603498
0.0017208588237163885,0.9474014248444708,1.0,0.9534683043813397,0.9586253723010821,0.6120922628135997,0.9586253723010821,0.8735521685156377,0.742034542476734,0.2856662960101381,0.9355206919071803,0.704338961296712,0.17389924186452654,4,-1,[0.12575518 0.30598569 0.56825913],[0.69277316 0.26114281 0.04608403],[0.7892875  0.13696313 0.07374938],[0.79784854 0.19810843 0.00404303],0.030491065437351757
0.0016748366411997262,0.9071972463453497,1.0,0.9385839797777609,0.9642248995602636,0.5755146411927584,0.9642248995602636,0.9412770743082345,0.8185478493032992,0.2832084214607993,0.9699809283100578,0.7056339948768129,0.17623369526197113,2,3,[0.12566961 0.34973216 0.52459823],[0.72656588 0.24062203 0.03281209],[0.82631593 0.11289464 0.06078942],[0.81270942 0.17792605 0.00936453],0.02955199213989265
0.001719685095420419,0.963357797587415,1.0,0.9151813976606055,0.9593998521470163,0.5697779459085721,0.9593998521470163,0.8742843412446678,0.7831100493153057,0.30306060054695333,0.974939780859274,0.6426841941390389,0.1582895461316349,3,3,[0.15731218 0.25280634 0.58988147],[0.73205804 0.23578893 0.03215304],[0.79791394 0.11114733 0.09093873],[0.81549907 0.17527588 0.00922505],0.0304785354467333
0.0017406925842542286,0.9841342531956503,1.0,0.8529303606945653,0.9631364574534782,0.6151136850859272,0.9631364574534782,0.9568354752647338,0.666501036912094,0.29794256820528126,0.968436972429034,0.6768844688831198,0.15896401603140792,1,2,[0.14448538 0.29943012 0.5560845 ],[0.73422194 0.22591135 0.03986671],[0.81631636 0.11021019 0.07347346],[0.86622561 0.12708567 0.00668872],0.03102612686584135
0.0017331869597908723,0.8486327192635702,1.0,0.892741773270801,0.9598359289212056,0.5887760007623791,0.9598359289212056,0.9389946230950414,0.6441200383418415,0.28988937921005153,0.9076048259687589,0.5820043234732929,0.1769758151160822,-4,0,[0.14430875 0.3422765  0.51341475],[0.65396694 0.27682645 0.06920661],[0.80110397 0.11933762 0.07955841],[0.88037101 0.10766609 0.0119629 ],0.030792392446077274
0.0017102491303915763,0.7657813841750888,1.0,0.8938514452749919,0.9531486955421521,0.6130192054554167,0.9531486955421521,0.9056077108600656,0.7424298083102598,0.262418836684359,0.9521488580828713,0.7125498778301289,0.17284473663326172,1,1,[0.15036339 0.25489098 0.59474563],[0.68616928 0.27617103 0.03765969],[0.8273457  0.09495987 0.07769444],[0.80835857 0.17247728 0.01916414],0.030157347182050688
0.0017062657996518484,0.9228718502421397,1.0,0.8836819709930666,0.9590993893860458,0.5847925653913743,0.9590993893860458,0.9638574384983943,0.8394561677666332,0.29227448442662585,0.9644252026105411,0.6802428297267813,0.16413800183281813,5,0,[0.18428796 0.28549922 0.53021283],[0.66249666 0.28687784 0.0506255 ],[0.80878339 0.10516914 0.08604747],[0.77873777 0.21683699 0.00442524],0.03016950018913025
0.001664843837236152,0.8029175587154412,1.0,0.9361429338969743,0.967190296299962,0.5545390499886287,0.967190296299962,0.9594477906982709,0.8223735879817272,0.267724215052078,0.962938409767772,0.6079064746005017,0.14967098743429552,1,1,[0.14715449 0.25585365 0.59699186],[0.70257152 0.22307136 0.07435712],[0.77582401 0.1345056  0.0896704 ],[0.85639392 0.12924547 0.01436061],0.02938242539524855
0.0017151180119358354,0.9774576691588208,1.0,0.9503591600100865,0.9630720847110544,0.5574057149350168,0.9630720847110544,0.976220502441709,0.7961229792933124,0.2954914821636272,0.9340938551212061,0.7122106900645854,0.16360560687157338,-2,1,[0.18696698 0.24390991 0.56912311],[0.73340802 0.21327358 0.0533184 ],[0.84111234 0.10327698 0.05561068],[0.80802891 0.17277398 0.01919711],0.030443783244156936
0.001700611361744979,0.8284474612891425,1.0,0.9401794808883899,0.9610875110362962,0.5963034408091827,0.9610875110362962,0.8825991506520032,0.7972444083143039,0.31025471863442705,0.9735555610206805,0.7038384653011469,0.16351831613297144,-2,-1,[0.1855719  0.24432843 0.57009967],[0.68241787 0.26994481 0.04763732],[0.71317618 0.14341191 0.14341191],[0.87602942 0.11157352 0.01239706],0.03007756321462284
0.0017184958560049202,0.9918622725697818,1.0,0.9369387270757491,0.9647591490876237,0.5833081869470806,0.9647591490876237,0.937400017871464,0.809876644590605,0.28467930136622877,0.9694416946168087,0.7315578324066124,0.1794866476224989,-2,1,[0.1698262  0.24905214 0.58112166],[0.68779348 0.24976521 0.0624413 ],[0.83051579 0.09321632 0.07626789],[0.78956439 0.2062269  0.00420871],0.03055359814372278
0.0017022562103656488,0.9547164284124309,1.0,0.8990659999872145,0.9615066326140644,0.6405228066069822,0.9615066326140644,0.9274819490567184,0.7341280305293622,0.27356778560060707,0.9557905074953464,0.6212571758372908,0.15408356751609031,0,0,[0.19222194 0.28272232 0.52505574],[0.72422372 0.20683221 0.06894407],[0.81533484 0.12003236 0.06463281],[0.86047022 0.13255329 0.00697649],0.03012254016474049
0.001672385676485792,0.9008836061764994,1.0,0.8716190283632278,0.9595295040346548,0.5990723249944435,0.9595295040346548,0.9250948502737508,0.7097339066140708,0.2922616048784478,0.9436150773460934,0.6585557813623786,0.18188582194460975,1,3,[0.1945604  0.32217584 0.48326376],[0.74328138 0.19253897 0.06417966],[0.74670391 0.16464246 0.08865363],[0.83911769 0.14479408 0.01608823],0.02941165822344194
0.0017089190111898706,0.827215502585172,1.0,0.893032203466374,0.9534589849419454,0.6009948602485331,0.9534589849419454,0.8997547888999485,0.7267871185053131,0.290804280306769,0.972923235130877,0.7151883500894802,0.16798297820278316,0,4,[0.16260429 0.33495828 0.50243742],[0.71403737 0.24306824 0.04289439],[0.74339729 0.15396163 0.10264109],[0.83361893 0.15806202 0.00831905],0.030132518079423083
0.0016893882904874455,0.8979280330995254,1.0,0.9075847877303166,0.959151583711808,0.6048858830365165,0.959151583711808,0.9524622866268638,0.7512729972803794,0.27530130922791446,0.9578085248031996,0.6786656632714344,0.18179568868486248,-2,1,[0.17912503 0.28730624 0.53356873],[0.75597797 0.18301653 0.06100551],[0.76872314 0.13876612 0.09251074],[0.94354841 0.05532255 0.00112903],0.029788976473309893
0.0017373856376231504,0.9055147339262075,1.0,0.9408856106459731,0.96305117511348,0.6145807296686292,0.96305117511348,0.9405317425207108,0.7236508012706119,0.30094480651102495,0.9705164910172732,0.6917221180237333,0.1680829413894458,0,3,[0.14646198 0.38409211 0.46944591],[0.66988528 0.29050096 0.03961377],[0.79351891 0.12388865 0.08259243],[0.82284092 0.1736159  0.00354318],0.030949252910227494
0.0016864625951252504,0.9178733728570022,1.0,0.899504006094016,0.9640769224258834,0.608143702648685,0.9640769224258834,0.9365122293059891,0.8059403811388953,0.29209205492215196,0.9525874296934406,0.773590386172689,0.1680387225909581,-4,1,[0.11306581 0.35477368 0.53216051],[0.74672553 0.2152833  0.03799117],[0.77989185 0.11005407 0.11005407],[0.9144083  0.08131211 0.00427958],0.02981278775548768
0.001704580543131254,0.8991348021142995,1.0,0.9314945588978188,0.9604825975450348,0.6548439215340495,0.9604825975450348,0.9382979967910816,0.6962219785380047,0.2834623106447525,0.9594753836630814,0.706679381289576,0.19384954138206625,-1,4,[0.13393485 0.38972932 0.47633584],[0.72946995 0.21642404 0.05410601],[0.82959438 0.10224337 0.06816225],[0.94893794 0.04595585 0.00510621],0.030156354317408016
0.0017086098426736416,0.9112302558855282,1.0,0.8885669348387961,0.9735582118497749,0.6182667778588955,0.9735582118497749,0.9529383616447655,0.7018474160201739,0.32185971455157586,0.9681237046326205,0.7011781420718294,0.17912143177946285,3,0,[0.17797322 0.36991205 0.45211473],[0.7374272  0.22318688 0.03938592],[0.83288052 0.10027169 0.06684779],[0.79718146 0.18253668 0.02028185],0.030518864943005576
0.001691101363314634,0.9901761943174173,1.0,0.9183033147472492,0.9608628875148016,0.6349520804749307,0.9608628875148016,0.9509783195151377,0.7312726876731444,0.27606532904099385,0.9738830648136729,0.6911210528860304,0.17190052679265944,1,3,[0.10624093 0.35750363 0.53625544],[0.67848176 0.25721459 0.06430365],[0.82218242 0.08890879 0.08890879],[0.87860277 0.11896929 0.00242794],0.02985822663861175
0.0017578789521899764,0.8448840775226143,1.0,0.9525825672241192,0.959079126313182,0.5639436109921799,0.959079126313182,0.948341073977507,0.7665385717453634,0.30827336830593377,0.9548446024658349,0.7290417772959819,0.17487643820776697,-2,3,[0.17855087 0.24643474 0.57501439],[0.74526014 0.21652888 0.03821098],[0.80663871 0.09668064 0.09668064],[0.90868314 0.08949053 0.00182634],0.031338081001633995
0.0016985755189199015,0.8132583346606551,1.0,0.920516984463472,0.9641988603715351,0.5974706707046838,0.9641988603715351,0.9161146449167875,0.7165974890667532,0.30250128340173044,0.962054739370686,0.7005921583174894,0.16952534777365405,1,2,[0.13722697 0.34510921 0.51766382],[0.80744134 0.14441899 0.04813966],[0.74158497 0.16796977 0.09044526],[0.91625403 0.07955867 0.0041873 ],0.030089980091074327
0.0017145795388556033,0.9678069371581421,1.0,0.922352131842713,0.958019991448628,0.5969780930140434,0.958019991448628,0.9132022597241615,0.8434557161658369,0.29455667199343283,0.9753614195978689,0.5884168065748916,0.17446751415137862,1,3,[0.19234073 0.36344667 0.4442126 ],[0.73836418 0.23023952 0.0313963 ],[0.76233803 0.14259718 0.09506479],[0.86602969 0.12727179 0.00669852],0.03033823994555385
0.0016805127934421153,0.9767544083234228,1.0,0.9088994950753225,0.9515414631775805,0.5827026751905092,0.9515414631775805,0.9027305646700188,0.8204059472179166,0.3106529185631417,0.9524332549117078,0.7565745978505193,0.1430949307576913,0,4,[0.15155012 0.33937995 0.50906993],[0.74775468 0.22197589 0.03026944],[0.77652137 0.13408718 0.08939145],[0.84330172 0.14886337 0.00783491],0.02946318782533708
0.001723232687033106,0.9799743377100478,1.0,0.9099620443457614,0.9593141338122595,0.5467539603497815,0.9593141338122595,0.9696749386978339,0.805550352273545,0.2903431070646359,0.9394780338929538,0.6888892874327975,0.17976604535863375,1,4,[0.13840592 0.38771733 0.47387674],[0.78971605 0.15771297 0.05257099],[0.78567203 0.11788039 0.09644759],[0.82248241 0.16864171 0.00887588],0.030557286009025776
0.0016798295241397584,0.8030290880608154,1.0,0.9360701067272347,0.9594362135654982,0.6212578330762404,0.9594362135654982,0.8968138305405284,0.701159940460612,0.2660299608607994,0.9541704116887435,0.6673906240451256,0.1417284643700473,-1,1,[0.1754918  0.28857787 0.53593033],[0.70846621 0.25654973 0.03498405],[0.75867177 0.14479694 0.09653129],[0.83255186 0.15907573 0.00837241],0.02957808260224676
0.0016675008361159275,0.9003076853095971,1.0,0.9395426028832943,0.961547192861672,0.5999539449649881,0.961547192861672,0.9186847525724123,0.7454533092326584,0.2977924601450348,0.9601217055919125,0.7166513012972114,0.17248043887423997,2,1,[0.17909439 0.24627168 0.57463393],[0.69140905 0.23144321 0.07714774],[0.76821792 0.12748014 0.10430193],[0.84734536 0.14960155 0.00305309],0.029336847651266477
0.0017268259829093012,0.8004878954473971,1.0,0.9587250278452554,0.9671615835090147,0.6370348650240124,0.9671615835090147,0.8996155087763915,0.698535092792703,0.28005547812175063,0.9625690326159002,0.6967381660518926,0.1640601187190441,3,4,[0.10638572 0.312765   0.58084928],[0.74298515 0.21846262 0.03855223],[0.79046913 0.10476543 0.10476543],[0.87339775 0.12027214 0.00633011],0.030792503361247697
0.0016672557011617366,0.7892246647976707,1.0,0.9330240807153416,0.9583988131879805,0.6538115778771378,0.9583988131879805,0.8451604711083088,0.841135482390801,0.2777305728976499,0.955465308271789,0.7021088775847173,0.14324566499703495,3,1,[0.19036032 0.32385587 0.48578381],[0.69178734 0.26198076 0.0462319 ],[0.80413579 0.10772531 0.08813889],[0.88498178 0.10926731 0.00575091],0.02927653589915335
0.0016932774658809076,0.7891823798126774,1.0,0.9252042362697539,0.959624730370829,0.6362454846081085,0.959624730370829,0.8457751326546413,0.798033409198998,0.29111111696624786,0.951669046253354,0.6915695742461556,0.17212542384118723,0,1,[0.17195765 0.33121694 0.49682541],[0.74101103 0.20719118 0.05179779],[0.77855007 0.11072496 0.11072496],[0.84744443 0.13730001 0.01525556],0.029885223724152546
0.0017088735344073175,0.8815686036653655,1.0,0.8922322656500404,0.9624420849035422,0.5687838281134233,0.9624420849035422,0.9196587508642741,0.8319942756752621,0.31110750536062615,0.9725564182922194,0.7376635370991678,0.17607682662175764,0,0,[0.13739695 0.25878091 0.60382213],[0.68756666 0.26556834 0.046865  ],[0.83309613 0.10848751 0.05841635],[0.80439076 0.18582877 0.00978046],0.030290049621856913
0.0017274957323302963,0.9269489955247275,1.0,0.91738769462893,0.9620065199564073,0.566303768975414,0.9620065199564073,0.9026745072331349,0.7458664135422165,0.29185540301841084,0.9415068792539751,0.6254581606653266,0.1772142488805922,1,4,[0.17197323 0.28980937 0.5382174 ],[0.73690361 0.23152482 0.03157157],[0.81855047 0.1179422  0.06350734],[0.8082021  0.18796194 0.00383596],0.030704287178899736
0.001707251662028041,0.843107314325305,1.0,0.8852100745962281,0.9591541104733211,0.5815968178553315,0.9591541104733211,0.9377993246269883,0.8244584079013296,0.285314095207698,0.969423223792705,0.6786101269075496,0.16523189597668697,2,-1,[0.16720118 0.37475947 0.45803935],[0.73491633 0.21206694 0.05301673],[0.77351497 0.12456677 0.10191826],[0.91792507 0.08043344 0.0016415 ],0.03019277373331486
0.001711752288642392,0.8135319469983502,1.0,0.8690819919047236,0.9620292501451048,0.62908710133138,0.9620292501451048,0.9426882319097849,0.632519057856804,0.2941453362333077,0.8994698852899335,0.8071717343929037,0.1757993556765041,4,1,[0.15446819 0.38048931 0.46504249],[0.6948795 0.2440964 0.0610241],[0.76767124 0.12778082 0.10454794],[0.84206317 0.14214315 0.01579368],0.03034753398084333
0.0016610687430165074,0.967562458491613,1.0,0.8975647085803194,0.9570084378621185,0.6508408918671968,0.9570084378621185,0.8567838487834403,0.7719913839912774,0.28899233979694744,0.9441315429486202,0.6387136308024176,0.14400832665478538,1,3,[0.14876358 0.29793275 0.55330367],[0.76886197 0.20340147 0.02773656],[0.77388445 0.11305777 0.11305777],[0.88866371 0.10020266 0.01113363],0.029113909551431612
0.0016837266264491098,0.8675631094793095,1.0,0.8606799667422664,0.9670006592647785,0.6112210102801996,0.9670006592647785,0.9213375663974328,0.6624352768528801,0.27676580147447866,0.9164733955170731,0.6753740015639534,0.19618971847055505,0,0,[0.17363493 0.28922777 0.53713729],[0.70143128 0.22392654 0.07464218],[0.78171544 0.12005651 0.09822805],[0.80994717 0.17104755 0.01900528],0.029807760110140906
0.0017153867231154568,0.9990480414191415,1.0,0.9092290173421141,0.9602014360782316,0.5655191077718034,0.9602014360782316,0.9793408108439317,0.764672414699685,0.3191433221407971,0.9489866954763604,0.7645637617761081,0.1818758757301263,-2,1,[0.19759777 0.24072067 0.56168156],[0.75160212 0.2111382  0.03725968],[0.76373356 0.12994654 0.1063199 ],[0.90988307 0.08561109 0.00450585],0.03039587563716318
0.001699874842361346,0.8994971678152567,1.0,0.8410611632204167,0.960904671103303,0.6015797432895897,0.960904671103303,0.9046629112463449,0.8423703178912355,0.30070861625028333,0.9392588996057776,0.6493305809990743,0.17023200730397145,1,0,[0.12944614 0.30469385 0.56586001],[0.74252818 0.20597746 0.05149436],[0.78134415 0.10932792 0.10932792],[0.94125631 0.0558065  0.00293718],0.030057539323570227
0.0016972922672161463,0.8093073417948217,1.0,0.9065970355799502,0.9627126996260431,0.6597027912191912,0.9627126996260431,0.9327141062244056,0.7309323741315247,0.32206539573878645,0.9634325135814581,0.6293785499386947,0.15478504684856656,2,3,[0.13457836 0.30289758 0.56252407],[0.79244667 0.17642033 0.031133  ],[0.74453839 0.14050388 0.11495772],[0.8002185  0.18979243 0.00998908],0.030032547901345262
0.001716402803715719,0.9227648983495317,1.0,0.9449942653762036,0.9594614103489684,0.6350366619531647,0.9594614103489684,0.9409664195670974,0.8506949794417158,0.2885417654277762,0.9630729309708962,0.7284410259937287,0.1567889765355429,-2,0,[0.19739394 0.24078182 0.56182425],[0.69844371 0.26536954 0.03618675],[0.72205362 0.18066514 0.09728123],[0.92760933 0.07094286 0.00144781],0.030405358782662865
0.0016694330093004238,0.8911490988613923,1.0,0.8382301619022597,0.9650238161229978,0.606809854433972,0.9650238161229978,0.8943367284100725,0.7130252379822238,0.25447000195650465,0.9634084046904772,0.6944232000477036,0.16228864869249104,0,-3,[0.13463598 0.34614561 0.51921841],[0.75483721 0.19613023 0.04903256],[0.75587295 0.12206353 0.12206353],[0.86354324 0.13372762 0.00272914],0.029444617681631594
0.0016659335462419341,0.9555676821160091,1.0,0.9163395199289606,0.962023856822754,0.6507831246345444,0.962023856822754,0.9568389046092229,0.7990999973037326,0.25648950474108156,0.9645699688114052,0.6708893136968325,0.15736696634990321,-1,3,[0.17974108 0.32810357 0.49215535],[0.73122445 0.23652248 0.03225307],[0.79744443 0.10127779 0.10127779],[0.80330749 0.17702326 0.01966925],0.029309954537890964
0.0017350647269715029,0.8028710623262784,1.0,0.9296619201922921,0.9674054180461664,0.6010144975211023,0.9674054180461664,0.9477373711114676,0.6818185380068117,0.3035654993557801,0.9383556497149198,0.6382920333271959,0.1419276658961105,3,2,[0.14326096 0.29985866 0.55688038],[0.78277668 0.16291749 0.05430583],[0.78539752 0.11803137 0.09657112],[0.83229801 0.15093179 0.0167702 ],0.030985624115580937
0.0016682941376458557,0.9031767541212186,1.0,0.8666265178411425,0.9643754151635849,0.5834746333926578,0.9643754151635849,0.8981384809641598,0.7025838322626716,0.2925019536694057,0.9275994457898259,0.7678830318851253,0.1741034104522684,0,0,[0.15487955 0.3803042  0.46481625],[0.75845897 0.21255611 0.02898492],[0.82855471 0.08572264 0.08572264],[0.89772151 0.09716456 0.00511392],0.029406554610231703
0.0016605686687781516,0.9690187458554854,1.0,0.9240611108291652,0.9608861066173381,0.5507517037714289,0.9608861066173381,0.9284284008356932,0.648196640706261,0.2882100781255824,0.9091367428434215,0.6964744105275107,0.16630396546482498,1,-1,[0.11498576 0.30975498 0.57525926],[0.72212567 0.23619318 0.04168115],[0.71996358 0.16802185 0.11201457],[0.87117497 0.11594252 0.0128825 ],0.029168557638083417
0.0016552239920454143,0.8837254888394913,1.0,0.9298124342255312,0.9522984948189027,0.6049451705269324,0.9522984948189027,0.9439584359225881,0.8010120310424819,0.2783237960922459,0.9709072515628462,0.6729448340978817,0.17509540749563998,1,5,[0.10249922 0.40387535 0.49362543],[0.71865791 0.24758104 0.03376105],[0.72010481 0.15394236 0.12595284],[0.85147649 0.14555304 0.00297047],0.028907684496233235
0.0016709156013120312,0.7533200346161308,1.0,0.9441803661946188,0.9559093454071663,0.5707347727523694,0.9559093454071663,0.8311244805556416,0.7712317965266237,0.2872466416314826,0.9679356645305182,0.6374372346009215,0.1725449825688156,3,3,[0.16102503 0.25169249 0.58728248],[0.76760756 0.20450535 0.02788709],[0.8169996 0.0915002 0.0915002],[0.76057149 0.23463994 0.00478857],0.029317426730855765
0.001648817776564189,0.8188891715861593,1.0,0.9011065075363306,0.9548698108147331,0.5813176311518157,0.9548698108147331,0.9538129402987051,0.8265911856600187,0.30350125344299883,0.9557999588616809,0.6988839897168974,0.16374381731264087,0,3,[0.18545256 0.24436423 0.57018321],[0.7061144  0.24980276 0.04408284],[0.84486305 0.08532532 0.06981163],[0.87678371 0.11705547 0.00616081],0.028803993867550493
0.0017032118756940013,0.8620043973245982,1.0,0.9101648304250045,0.9564436549958691,0.5507520766957749,0.9564436549958691,0.9277474537326124,0.709416151449457,0.27812914607106104,0.9595059522571706,0.6871433350594953,0.14490392513822878,3,0,[0.14535112 0.29912711 0.55552177],[0.7501584  0.19987328 0.04996832],[0.78643755 0.10678122 0.10678122],[0.89651383 0.09313755 0.01034862],0.0300540674171009
0.0016818525497392198,0.800172249417933,1.0,0.9074604080653695,0.9566221738635313,0.6041638562701912,0.9566221738635313,0.8086813006596113,0.8170386990815041,0.27289501064887955,0.9690412223097314,0.7452224798181201,0.19684926433959793,1,3,[0.15145992 0.38184304 0.46669705],[0.71455106 0.25119507 0.03425387],[0.79650826 0.10174587 0.10174587],[0.86420315 0.13308091 0.00271594],0.029575529475133484
0.0016805174485836493,0.8156665197707329,1.0,0.9292007897111721,0.955888887782562,0.5811779662877002,0.955888887782562,0.8541666451590317,0.7809553690957844,0.3135049066255112,0.9762932299735981,0.7187263242893213,0.15977927032081635,0,-1,[0.15965686 0.25210294 0.5882402 ],[0.72937605 0.23003036 0.04059359],[0.78841345 0.10579328 0.10579328],[0.85054494 0.14198231 0.00747275],0.02953322632622436
0.0017303577164491512,0.91464339971777,1.0,0.8736289903933371,0.958130138636192,0.5629315812592315,0.958130138636192,0.9507850845673976,0.7212377783197567,0.29668396821432175,0.9654397383408554,0.7309997412212055,0.17613742851089037,0,-1,[0.10895844 0.4009687  0.49007286],[0.73386964 0.2262108  0.03991955],[0.81559339 0.1198643  0.06454231],[0.88030456 0.11371067 0.00598477],0.030697056562463097
0.0017365855017409558,0.8488942783019215,1.0,0.9133965875961232,0.9620275055761024,0.6174704355364613,0.9620275055761024,0.945204111926928,0.7899990466975109,0.2513216300442588,0.9597694724706719,0.6870326446681363,0.14913542481118286,2,-3,[0.13846983 0.38768858 0.4738416 ],[0.70110607 0.22417045 0.07472348],[0.82940042 0.08529979 0.08529979],[0.86866474 0.12870855 0.00262671],0.03091107711650705
0.0016940309526755574,0.9807467899655921,1.0,0.8364156670910318,0.9629825145925498,0.5787712765849987,0.9629825145925498,0.8967417944216274,0.7469132558308048,0.3000843050693851,0.941920353732871,0.6370251407192232,0.1671087818104818,1,5,[0.19052063 0.24284381 0.56663556],[0.7056913  0.25899166 0.03531704],[0.77471066 0.12390913 0.1013802 ],[0.84530793 0.14695747 0.0077346 ],0.029963689643772672
0.0016798062731135216,0.8564300173763894,1.0,0.9391227016322893,0.9654386855773692,0.5984219519559092,0.9654386855773692,0.9646522668834985,0.8025919455436265,0.33226681458871765,0.9507136081786883,0.6420443146939718,0.1615958775192092,1,1,[0.19264968 0.36330764 0.44404268],[0.75480859 0.21576844 0.02942297],[0.80915123 0.10496682 0.08588195],[0.9527597  0.04487829 0.00236202],0.029687910688469963
0.0017141896644853884,0.9015512006414428,1.0,0.9365727058362548,0.9625864978486287,0.5828002280150989,0.9625864978486287,0.9141471327815626,0.7155166329248402,0.2957458222614746,0.9184783592013389,0.6970498283996805,0.1497852774796319,1,3,[0.15520855 0.33791658 0.50687487],[0.73380219 0.19964836 0.06654945],[0.81093994 0.10398303 0.08507703],[0.88780316 0.10097715 0.01121968],0.030413398404233835
0.0016942925740746676,0.9773307210763673,1.0,0.9071226126842826,0.9578783025737013,0.6305952299308188,0.9578783025737013,0.9527319640217727,0.8271693964730435,0.27353937786835436,0.9560129677980094,0.6821111800437314,0.17242016854194517,0,-1,[0.16018464 0.37791691 0.46189845],[0.72546105 0.20590421 0.06863474],[0.7536245  0.12318775 0.12318775],[0.89537562 0.09416195 0.01046244],0.02987750000396756
0.0016939958578392784,0.7850697954520681,1.0,0.874983527780419,0.9507963790031441,0.590236777286396,0.9507963790031441,0.9618360709485188,0.7929182041138727,0.28407662845087434,0.9795981466153053,0.6755635213748299,0.1627954565917947,1,2,[0.14933449 0.29773293 0.55293258],[0.75286719 0.21006289 0.03706992],[0.81545309 0.11995549 0.06459142],[0.8906586  0.10387433 0.00546707],0.029754159276575123
0.0016974539700785368,0.8091824385445073,1.0,0.889417271445254,0.9613777033568117,0.5609466526140732,0.9613777033568117,0.9078470815709524,0.7692950738362577,0.2864537228979795,0.955482936993767,0.7386935361851925,0.1702622935127723,-1,2,[0.11547258 0.39803734 0.48649008],[0.78277443 0.16291918 0.05430639],[0.82778274 0.09471949 0.07749777],[0.85451391 0.13821179 0.0072743 ],0.03001139998165264
0.0017372530570909765,0.8995751776568318,1.0,0.8554561587296415,0.9680614420148768,0.5937926392667,0.9680614420148768,0.9411090773557852,0.70922699666239,0.2721270745213043,0.9486147307508692,0.6214026877398602,0.1593531360469217,1,2,[0.19840306 0.24047908 0.56111786],[0.69026603 0.24778718 0.06194679],[0.7763487  0.13419078 0.08946052],[0.89270797 0.09656283 0.0107292 ],0.031049687994451916
0.0017251499620422636,0.9529335247506588,1.0,0.8497707082619104,0.9626421248099236,0.5579515541765948,0.9626421248099236,0.9162147880421817,0.6803184224757337,0.28657363198557173,0.9411861768981622,0.7727156057777567,0.17998755281099854,2,5,[0.1388744  0.30139396 0.55973164],[0.72118957 0.23698887 0.04182156],[0.76174249 0.1429545  0.095303  ],[0.88882176 0.10006041 0.01111782],0.030663263708638058
0.0016987776797166064,0.850196869550988,1.0,0.9018951143638444,0.9593099559884622,0.6010587340846253,0.9593099559884622,0.9004483671950945,0.6740315106053879,0.30579109590109893,0.936827588280114,0.6706185749372071,0.184296009802451,3,2,[0.16376805 0.29268118 0.54355077],[0.67626459 0.28488716 0.03884825],[0.72811108 0.13594446 0.13594446],[0.84934184 0.14312525 0.00753291],0.030003955197066903
0.0016915273413356515,0.9989030900988286,1.0,0.9076120915424103,0.9607429710393821,0.5800979389715947,0.9607429710393821,0.9119694480604934,0.7121647352765235,0.3074385069051075,0.9238483854528012,0.735970387442243,0.16925345794608676,0,-2,[0.14158263 0.34336695 0.51505042],[0.75082197 0.21927666 0.02990136],[0.84422284 0.10125515 0.05452201],[0.8521649  0.13305159 0.01478351],0.02986569475048676
0.0016681901931880278,0.9934596576294984,1.0,0.958634290445913,0.960848701254661,0.5941884372290089,0.960848701254661,0.9172849971218138,0.74331740068517,0.27764500081816307,0.957271075269468,0.6960975875289847,0.16280369167866443,1,4,[0.16837496 0.29106877 0.54055628],[0.7634457  0.20816779 0.02838652],[0.82642513 0.09546618 0.07810869],[0.91503922 0.08326156 0.00169922],0.029340023099087443
0.0016724882767033212,0.8288682769132674,1.0,0.9541521182523531,0.9488367368831175,0.5460380658474923,0.9488367368831175,0.9031823508435508,0.7639660996191845,0.2975637741404226,0.9506399324131993,0.7371344337462523,0.15945098276973532,-1,2,[0.15543292 0.33782683 0.50674025],[0.73048201 0.2021385  0.0673795 ],[0.83943956 0.08830824 0.0722522 ],[0.84765453 0.13711093 0.01523455],0.02924197705879129
